lizard_id,position,day,t_start,t_end,t_move,t_shelter,t_emerged,t_chase,lat_move,lat_shelter,lat_emergence,emergence
1255,A1,1,529,598,608,3039,5439,69,10,2431,2400,0
1382,A1,1,453,519,618,626,3026,66,99,8,2400,0
1410,A1,1,301,365,600,760,3160,64,235,160,2400,0
2073,A1,1,377,441,457,481,2881,64,16,24,2400,0
1373,A2,1,764,829,854,863,2788,65,25,9,1925,1
1478,A2,1,610,676,891,940,3104,66,215,49,2164,1
2298,A2,1,601,755,1076,1079,3479,154,321,3,2400,0
1207,A3,1,1025,1132,1150,1174,3574,107,18,24,2400,0
1381,A3,1,981,1043,1054,1359,3759,62,11,305,2400,0
1401,A3,1,1161,1213,1357,1556,3956,52,144,199,2400,0
1283,A4,1,817,879,882,952,2197,62,3,70,1245,1
1562,A4,1,730,792,793,795,3195,62,1,2,2400,0
1609,A4,1,899,961,979,2073,4473,62,18,1094,2400,0
1276,B1,1,1337,1399,1412,1506,3906,62,13,94,2400,0
1438,B1,1,1227,1319,1907,1936,4336,92,588,29,2400,0
1198,B2,1,1496,1558,1589,1589,3989,62,31,0,2400,0
1233,B2,1,1419,1481,1529,1952,4352,62,48,423,2400,0
1240,B2,1,1572,1634,1903,1971,4371,62,269,68,2400,0
1284,B2,1,1648,1710,1729,1746,4146,62,19,17,2400,0
1432,B3,1,1183,1246,1376,1685,2934,63,130,309,1249,1
2047,B3,1,1102,1168,1184,1185,1235,66,16,1,50,1
1205,B4,1,1420,1484,1488,1490,3845,64,4,2,2355,1
1296,B4,1,1264,1330,1364,2321,4721,66,34,957,2400,0
1399,B4,1,1342,1407,1423,1425,3825,65,16,2,2400,0
1366,C1,1,955,1020,1125,1156,2635,65,105,31,1479,1
1374,C1,1,798,863,1094,1112,2753,65,231,18,1641,1
1463,C1,1,879,945,1368,1379,3779,66,423,11,2400,0
1202,C2,1,1112,1175,1444,2138,4538,63,269,694,2400,0
1322,C2,1,1039,1103,1342,2647,4097,64,239,1305,1450,1
2205,C2,1,1189,1253,1488,1521,3921,64,235,33,2400,0
1611,C3,1,2806,2868,2931,3004,5404,62,63,73,2400,0
1222,C4,1,2477,2539,2567,3005,5405,62,28,438,2400,0
1390,C4,1,2727,2789,2905,2905,5305,62,116,0,2400,0
1454,C4,1,2560,2622,2807,2839,5239,62,185,32,2400,0
2105,C4,1,2647,2709,2761,3014,5414,62,52,253,2400,0
1177,D1,1,3076,3138,3302,4225,6625,62,164,923,2400,0
1358,D1,1,3161,3223,3232,3284,5569,62,9,52,2285,1
1479,D1,1,2999,3061,3064,3069,4921,62,3,5,1852,1
1303,D2,1,3247,3309,3519,3519,5919,62,210,0,2400,0
1531,D2,1,3330,3392,3517,3687,6087,62,125,170,2400,0
1371,D3,1,2253,2316,2339,2600,3044,63,23,261,444,1
1459,D3,1,2168,2233,2308,2351,4751,65,75,43,2400,0
1166,D4,1,1923,1987,2000,2015,4415,64,13,15,2400,0
1192,D4,1,1998,2064,2069,3862,6262,66,5,1793,2400,0
1229,D4,1,1838,1904,1928,2266,4339,66,24,338,2073,1
1257,D4,1,2082,2144,2149,3064,5464,62,5,915,2400,0
1442,E1,1,2468,2530,2817,3406,5806,62,287,589,2400,0
1565,E1,1,2393,2456,3229,3286,5686,63,773,57,2400,0
1174,E2,1,2779,2845,3195,3613,6013,66,350,418,2400,0
1185,E2,1,2705,2768,2770,3187,5587,63,2,417,2400,0
1402,E2,1,2629,2683,3333,3375,5775,54,650,42,2400,0
2255,E2,1,2548,2615,3057,3320,5720,67,442,263,2400,0
1218,E3,1,4911,4973,4994,5122,7522,62,21,128,2400,0
1443,E3,1,5022,5080,5084,5103,6024,58,4,19,921,1
2164,E3,1,5110,5172,5245,5524,6724,62,73,279,1200,1
1172,E4,1,4641,4706,5806,5810,8210,65,1100,4,2400,0
1239,E4,1,4809,4877,4905,5383,7783,68,28,478,2400,0
2346,E4,1,4721,4783,4788,4878,7278,62,5,90,2400,0
1230,F1,1,5453,5517,5579,5585,7985,64,62,6,2400,0
1487,F1,1,5535,5598,5660,5697,8097,63,62,37,2400,0
2351,F1,1,5367,5430,5457,5458,7858,63,27,1,2400,0
1419,F2,1,5615,5680,5954,5971,8371,65,274,17,2400,0
1534,F2,1,5863,5927,6070,6090,8414,64,143,20,2324,1
1580,F2,1,5702,5766,6079,6088,8488,64,313,9,2400,0
1613,F2,1,5781,5845,6013,6067,7738,64,168,54,1671,1
1182,F3,1,3198,3261,3279,3543,5943,63,18,264,2400,0
1424,F3,1,3111,3174,3199,3546,4327,63,25,347,781,1
2106,F3,1,3281,3447,3450,3507,5907,166,3,57,2400,0
2486,F3,1,3028,3093,3154,3978,6378,65,61,824,2400,0
1340,F4,1,2935,3017,3022,3175,5404,82,5,153,2229,1
1417,F4,1,2779,2842,2967,3770,4203,63,125,803,433,1
1467,F4,1,2859,2921,3924,2959,5359,62,1003,-965,2400,0
1421,G1,1,3381,3445,3644,4317,5958,64,199,673,1641,1
1674,G1,1,3309,3372,3386,3620,6020,63,14,234,2400,0
2009,G1,1,3455,3520,3695,3714,6114,65,175,19,2400,0
1258,G2,1,3756,3819,4119,4372,6772,63,300,253,2400,0
1328,G2,1,3679,3744,3767,3929,6329,65,23,162,2400,0
1408,G2,1,3535,3672,3689,3691,6091,137,17,2,2400,0
1360,G3,1,776,840,1234,1841,2864,64,394,607,1023,1
1795,G3,1,937,1000,1064,1067,3467,63,64,3,2400,0
2081,G3,1,862,925,990,2090,2150,63,65,1100,60,1
1223,G4,1,221,285,348,575,2975,64,63,227,2400,0
1334,G4,1,57,126,228,413,2813,69,102,185,2400,0
1619,G4,1,305,366,696,3395,4146,61,330,2699,751,1
2242,G4,1,141,203,396,2573,3140,62,193,2177,567,1
1255,A1,2,420,474,fast ,475,2875,54,#VALUE!,#VALUE!,2400,0
1382,A1,2,330,395,505,703,3103,65,110,198,2400,0
1410,A1,2,168,237,274,918,3318,69,37,644,2400,0
2073,A1,2,254,316,361,1530,3930,62,45,1169,2400,0
1373,A2,2,644,4024,4079,4103,6503,3380,55,24,2400,0
1478,A2,2,489,555,603,780,3200,66,48,177,2420,0
2298,A2,2,568,631,733,736,3160,63,102,3,2424,0
1207,A3,2,1005,1069,1075,1191,3591,64,6,116,2400,0
1381,A3,2,841,906,921,935,3335,65,15,14,2400,0
1401,A3,2,923,990,1157,1635,4035,67,167,478,2400,0
1283,A4,2,675,741,746,1013,3413,66,5,267,2400,0
1562,A4,2,587,648,651,676,3076,61,3,25,2400,0
1609,A4,2,757,821,834,872,3272,64,13,38,2400,0
1276,B1,2,1260,1324,1335,1457,3857,64,11,122,2400,0
1438,B1,2,1185,1249,1256,1324,3724,64,7,68,2400,0
1198,B2,2,1417,1485,1573,1598,3998,68,88,25,2400,0
1233,B2,2,1340,1404,1534,1627,3496,64,130,93,1869,1
1240,B2,2,1504,1570,1671,1696,4096,66,101,25,2400,0
1284,B2,2,1581,1645,1649,1657,4057,64,4,8,2400,0
1432,B3,2,2887,2952,3230,3301,4634,65,278,71,1333,1
2047,B3,2,2967,3030,3117,3124,5083,63,87,7,1959,1
1205,B4,2,2220,2283,2291,2400,4800,63,8,109,2400,0
1296,B4,2,2300,2363,2890,3291,5991,63,527,401,2700,0
1399,B4,2,2382,2447,2458,NA,NA,65,11,0,NA,NA
1366,C1,2,2043,2104,2114,2116,4516,61,10,2,2400,0
1374,C1,2,2121,2185,2194,2457,4658,64,9,263,2201,1
1463,C1,2,1968,2031,2045,2084,4484,63,14,39,2400,0
1202,C2,2,1888,1949,2216,2329,4729,61,267,113,2400,0
1322,C2,2,1810,1875,2110,2142,4542,65,235,32,2400,0
2205,C2,2,1731,1795,1885,1929,3329,64,90,44,1400,1
1611,C3,2,2958,3023,3055,3749,6149,65,32,694,2400,0
1222,C4,2,2466,2528,2579,2737,5137,62,51,158,2400,0
1390,C4,2,2717,2779,2793,2849,5249,62,14,56,2400,0
1454,C4,2,2547,2610,2760,2821,5221,63,150,61,2400,0
2105,C4,2,2629,2693,2740,2803,5203,64,47,63,2400,0
1177,D1,2,NA,NA,NA,NA,NA,NA,NA,NA,NA,NA
1358,D1,2,NA,NA,NA,NA,NA,NA,NA,NA,NA,NA
1479,D1,2,NA,NA,NA,NA,NA,NA,NA,NA,NA,NA
1303,D2,2,3111,3173,3234,3255,5655,62,61,21,2400,0
1531,D2,2,3182,3245,3332,3363,5763,63,87,31,2400,0
1371,D3,2,555,619,650,763,1770,64,31,113,1007,1
1459,D3,2,462,526,532/630,1076,3476,64,#VALUE!,#VALUE!,2400,0
1166,D4,2,210,274,280,405,2805,64,6,125,2400,0
1192,D4,2,291,356,360,430,2830,65,4,70,2400,0
1229,D4,2,132,196,315,349,2749,64,119,34,2400,0
1257,D4,2,379,445,465,540,2940,66,20,75,2400,0
1442,E1,2,4222,4286,4391,4471,6871,64,105,80,2400,0
1565,E1,2,4147,4209,4228,6535,6604,62,19,2307,69,1
1174,E2,2,4549,4614,4703,4826,7226,65,89,123,2400,0
1185,E2,2,4472,4535,4613,5300,7700,63,78,687,2400,0
1402,E2,2,4392,4457,4546,4547,6947,65,89,1,2400,0
2255,E2,2,4311,4377,4674,5186,7586,66,297,512,2400,0
1218,E3,2,1316,1379,1397,1783,4183,63,18,386,2400,0
1443,E3,2,1395,1457,1460,1498,2617,62,3,38,1119,1
2164,E3,2,1476,1542,1595,1914,4314,66,53,319,2400,0
1172,E4,2,1047,1113,1297,1344,3744,66,184,47,2400,0
1239,E4,2,1215,1279,1297,1347,3747,64,18,50,2400,0
2346,E4,2,1131,1198,1202,1215,3615,67,4,13,2400,0
1230,F1,2,2094,2155,2206,2365,4644,61,51,159,2279,1
1487,F1,2,2165,2233,2239,2253,4653,68,6,14,2400,0
2351,F1,2,1993,2057,2273,3059,5459,64,216,786,2400,0
1419,F2,2,2251,2315,2320,2605,5005,64,5,285,2400,0
1534,F2,2,2478,2539,2574,3018,5368,61,35,444,2350,1
1580,F2,2,2328,2393,2538,2970,4780,65,145,432,1810,1
1613,F2,2,2407,2468,2476,2557,4785,61,8,81,2228,1
1182,F3,2,6380,6445,6765,6776,9176,65,320,11,2400,0
1424,F3,2,6283,6345,6391,6723,7776,62,46,332,1053,1
2106,F3,2,6463,6526,6653,6831,9231,63,127,178,2400,0
2486,F3,2,6198,6263,6288,6290,7025,65,25,2,735,1
1340,F4,2,6115,6178,6205,6219,8619,63,27,14,2400,0
1417,F4,2,5953,6018,6150,6378,7547,65,132,228,1169,1
1467,F4,2,6039,6103,6107,6115,8511,64,4,8,2396,1
1421,G1,2,717,779,872,985,3385,62,93,113,2400,0
1674,G1,2,539,602,650,659,3059,63,48,9,2400,0
2009,G1,2,641,704,843,1301,2086,63,139,458,785,1
1258,G2,2,867,930,1809,2164,4564,63,879,355,2400,0
1328,G2,2,788,851,907,971,3371,63,56,64,2400,0
1408,G2,2,714,778,789,1148,3548,64,11,359,2400,0
1360,G3,2,5027,5090,5418,5484,6795,63,328,66,1311,1
1795,G3,2,5303,5376,5387,5457,6142,73,11,70,685,1
2081,G3,2,5215,5277,5280,5717,6175,62,3,437,458,1
1223,G4,2,4903,5001,5310,5345,7745,98,309,35,2400,0
1334,G4,2,4731,4793,4814,4822,7222,62,21,8,2400,0
1619,G4,2,5129,5192,5456,6638,9038,63,264,1182,2400,0
2242,G4,2,4811,4872,5073,5090,7490,61,201,17,2400,0
1255,A1,3,259,323,328,1934,4334,64,5,1606,2400,0
1382,A1,3,107,171,349,869,2191,64,178,520,1322,1
1410,A1,3,33,94,229,1717,4117,61,135,1488,2400,0
2073,A1,3,185,248,345,620,3020,63,97,275,2400,0
1373,A2,3,502,572,604,1802,4202,70,32,1198,2400,0
1478,A2,3,342,406,607,646,3046,64,201,39,2400,0
2298,A2,3,424,486,494,519,2919,62,8,25,2400,0
1207,A3,3,1168,1236,1249,1360,3760,68,13,111,2400,0
1381,A3,3,1018,1080,1084,1210,3610,62,4,126,2400,0
1401,A3,3,1250,1334,1340,1340,3740,84,6,0,2400,0
1283,A4,3,826,890,907,1095,3495,64,17,188,2400,0
1562,A4,3,910,973,978,998,3398,63,5,20,2400,0
1609,A4,3,995,1059,1070,1500,3900,64,11,430,2400,0
1276,B1,3,1746,1810,1815,2039,4439,64,5,224,2400,0
1438,B1,3,1667,1733,1891,2023,4423,66,158,132,2400,0
1198,B2,3,1346,1408,1417,1434,3834,62,9,17,2400,0
1233,B2,3,1420,1486,1517,1568,3756,66,31,51,2188,1
1240,B2,3,1587,1650,1819,1952,4352,63,169,133,2400,0
1284,B2,3,1506,1573,1575,1742,4142,67,2,167,2400,0
1432,B3,3,2771,2835,2837,2841,4152,64,2,4,1311,1
2047,B3,3,2848,2912,2932,3105,4131,64,20,173,1026,1
1205,B4,3,2183,2246,2330,2341,4741,63,84,11,2400,0
1296,B4,3,2260,2328,2785,4105,6237,68,457,1320,2132,1
1399,B4,3,2344,2410,2474,3314,5714,66,64,840,2400,0
1366,C1,3,1872,1937,1941,1958,4358,65,4,17,2400,0
1374,C1,3,1702,1767,1810,4643,4655,65,43,2833,12,1
1463,C1,3,1789,1859,1876,1982,4382,70,17,106,2400,0
1202,C2,3,2033,2097,2138,2293,4693,64,41,155,2400,0
1322,C2,3,1953,2016,2067,2077,4477,63,51,10,2400,0
2205,C2,3,2117,2185,2304,2316,4716,68,119,12,2400,0
1611,C3,3,3222,3288,3292,3499,5899,66,4,207,2400,0
1222,C4,3,2738,2801,3009,3076,5476,63,208,67,2400,0
1390,C4,3,2978,3041,3047,3292,5692,63,6,245,2400,0
1454,C4,3,2819,2880,3034,3282,5682,61,154,248,2400,0
2105,C4,3,2878,2960,3201,3436,5836,82,241,235,2400,0
1177,D1,3,3317,3383,3532,4009,5177,66,149,477,1168,1
1358,D1,3,3403,3467,3479,3586,4769,64,12,107,1183,1
1479,D1,3,3243,3306,3320,3321,5721,63,14,1,2400,0
1303,D2,3,108,171,282,297,2697,63,111,15,2400,0
1531,D2,3,183,247,264,284,2684,64,17,20,2400,0
1371,D3,3,497,561,577,703,3103,64,16,126,2400,0
1459,D3,3,419,481,680,708,3108,62,199,28,2400,0
1166,D4,3,164,232,252,278,2678,68,20,26,2400,0
1192,D4,3,247,310,326,466,2866,63,16,140,2400,0
1229,D4,3,87,149,404,470,2870,62,255,66,2400,0
1257,D4,3,325,392,396,1093,3493,67,4,697,2400,0
1442,E1,3,597,662,956,979,3379,65,294,23,2400,0
1565,E1,3,509,571,2951,3021,5421,62,2380,70,2400,0
1174,E2,3,842,909,966,968,3368,67,57,2,2400,0
1185,E2,3,921,988,990,1098,3498,67,2,108,2400,0
1402,E2,3,763,828,1241,1251,3651,65,413,10,2400,0
2255,E2,3,684,746,1032,1266,3666,62,286,234,2400,0
1218,E3,3,1632,1697,1700,1948,4348,65,3,248,2400,0
1443,E3,3,1548,1610,1613,1643,4043,62,3,30,2400,0
2164,E3,3,1715,1779,1834,1863,4263,64,55,29,2400,0
1172,E4,3,1256,1318,1426,1690,4090,62,108,264,2400,0
1239,E4,3,1450,1513,1536,3231,5631,63,23,1695,2400,0
2346,E4,3,1350,1414,1446,1643,4043,64,32,197,2400,0
1230,F1,3,2314,2398,2449,2499,4838,84,51,50,2339,1
1487,F1,3,2407,2472,2490,2496,4896,65,18,6,2400,0
2351,F1,3,2253,2316,2349,2495,4895,63,33,146,2400,0
1419,F2,3,2493,2556,2572,2583,4983,63,16,11,2400,0
1534,F2,3,2733,2800,2924,3147,5535,67,124,223,2388,1
1580,F2,3,2570,2637,2659,2884,4695,67,22,225,1811,1
1613,F2,3,2656,2720,2868,2931,5331,64,148,63,2400,0
1182,F3,3,3140,3203,3226,3455,5855,63,23,229,2400,0
1424,F3,3,3059,3122,3167,3168,5506,63,45,1,2338,1
2106,F3,3,3217,3281,3383,3474,5874,64,102,91,2400,0
2486,F3,3,2945,3008,3094,3110,5510,63,86,16,2400,0
1340,F4,3,2866,2928,2932,3758,5158,62,4,826,1400,1
1417,F4,3,2709,2771,3125,3421,4865,62,354,296,1444,1
1467,F4,3,2790,2854,2856,2932,5332,64,2,76,2400,0
1421,G1,3,4331,4393,4467,4497,6833,62,74,30,2336,1
1674,G1,3,4249,4312,4342,4349,6749,63,30,7,2400,0
2009,G1,3,4409,4473,4544,4676,6715,64,71,132,2039,1
1258,G2,3,4643,4707,5230,7717,10117,64,523,2487,2400,0
1328,G2,3,4564,4628,4664,5222,7622,64,36,558,2400,0
1408,G2,3,4488,4552,4640,5001,7401,64,88,361,2400,0
1360,G3,3,5404,5468,5625,5933,7272,64,157,308,1339,1
1795,G3,3,5572,5636,5639,5643,5840,64,3,4,197,1
2081,G3,3,5488,5554,5568,5853,6509,66,14,285,656,1
1223,G4,3,5231,5293,5326,5341,7741,62,33,15,2400,0
1334,G4,3,5068,5130,5153,5159,7559,62,23,6,2400,0
1619,G4,3,5324,5387,5577,5587,7987,63,190,10,2400,0
2242,G4,3,5147,5208,6003,7046,8445,61,795,1043,1399,1
1255,A1,4,491,556,569,1981,4381,65,13,1412,2400,0
1382,A1,4,332,396,420,430,2830,64,24,10,2400,0
1410,A1,4,255,319,353,2281,4681,64,34,1928,2400,0
2073,A1,4,411,474,523,525,2925,63,49,2,2400,0
1373,A2,4,730,795,817,987,3387,65,22,170,2400,0
1478,A2,4,574,639,645,696,3096,65,6,51,2400,0
2298,A2,4,652,714,1028,1049,3449,62,314,21,2400,0
1207,A3,4,969,1033,1050,1229,3629,64,17,179,2400,0
1381,A3,4,885,950,963,1044,3444,65,13,81,2400,0
1401,A3,4,1060,1123,1236,1355,3755,63,113,119,2400,0
1283,A4,4,705,769,863,2362,4762,64,94,1499,2400,0
1562,A4,4,624,688,1042,1045,3445,64,354,3,2400,0
1609,A4,4,789,855,860,1024,3424,66,5,164,2400,0
1276,B1,4,1588,1651,1665,1795,4169,63,14,130,2374,1
1438,B1,4,1510,1574,1578,3098,5498,64,4,1520,2400,0
1198,B2,4,1194,1259,1274,1310,3710,65,15,36,2400,0
1233,B2,4,1273,1337,1458,2692,5092,64,121,1234,2400,0
1240,B2,4,1431,1495,1497,1724,4124,64,2,227,2400,0
1284,B2,4,1354,1418,1421,1584,3984,64,3,163,2400,0
1432,B3,4,2913,2978,2980,2992,3108,65,2,12,116,1
2047,B3,4,2996,3061,3092,3098,4348,65,31,6,1250,1
1205,B4,4,2316,2381,2384,2733,5133,65,3,349,2400,0
1296,B4,4,2405,2473,NA,NA,NA,68,0,NA,NA,NA
1399,B4,4,2491,2554,2565,3420,5820,63,11,855,2400,0
1366,C1,4,2133,2196,2225,2232,4632,63,29,7,2400,0
1374,C1,4,1973,2034,2061,2077,2548,61,27,16,471,1
1463,C1,4,2053,2117,2196,2202,4602,64,79,6,2400,0
1202,C2,4,2289,2353,2394,2396,4796,64,41,2,2400,0
1322,C2,4,2212,2278,2531,2533,4933,66,253,2,2400,0
2205,C2,4,2370,2434,2542,2637,5037,64,108,95,2400,0
1611,C3,4,2696,2760,2835,2910,5310,64,75,75,2400,0
1222,C4,4,2361,2424,2642,2772,5172,63,218,130,2400,0
1390,C4,4,2604,2671,2683,3304,5704,67,12,621,2400,0
1454,C4,4,2443,2496,2669,2708,5108,53,173,39,2400,0
2105,C4,4,2525,2589,2823,2846,5246,64,234,23,2400,0
1177,D1,4,3311,3375,3492,3826,4776,64,117,334,950,1
1358,D1,4,3393,3458,3493,3533,4623,65,35,40,1090,1
1479,D1,4,3226,3298,3468,3470,5870,72,170,2,2400,0
1303,D2,4,3474,3538,3758,3908,6308,64,220,150,2400,0
1531,D2,4,3551,3665,3807,3833,6233,114,142,26,2400,0
1371,D3,4,685,748,788,1280,1606,63,40,492,326,1
1459,D3,4,603,666,732,759,3159,63,66,27,2400,0
1166,D4,4,357,421,594,620,3020,64,173,26,2400,0
1192,D4,4,440,502,518,627,3027,62,16,109,2400,0
1229,D4,4,279,342,662,666,3066,63,320,4,2400,0
1257,D4,4,522,582,651,670,3070,60,69,19,2400,0
1442,E1,4,848,913,944,1338,3738,65,31,394,2400,0
1565,E1,4,770,835,2658,2659,5059,65,1823,1,2400,0
1174,E2,4,1168,1231,1235,1237,3637,63,4,2,2400,0
1185,E2,4,1089,1154,1261,1350,3750,65,107,89,2400,0
1402,E2,4,1009,1072,1371,1511,3911,63,299,140,2400,0
2255,E2,4,929,995,1091,1092,3492,66,96,1,2400,0
1218,E3,4,1750,1813,1831,2148,4548,63,18,317,2400,0
1443,E3,4,1830,1893,1895,1911,4311,63,2,16,2400,0
2164,E3,4,1920,1984,2105,2233,4633,64,121,128,2400,0
1172,E4,4,1487,1551,1795,1861,4261,64,244,66,2400,0
1239,E4,4,1654,1717,1721,1827,4227,63,4,106,2400,0
2346,E4,4,1671,1734,1824,1829,4229,63,90,5,2400,0
1230,F1,4,2523,2586,2646,2716,5116,63,60,70,2400,0
1487,F1,4,2595,2660,2668,2763,5163,65,8,95,2400,0
2351,F1,4,2445,2509,2580,2614,5014,64,71,34,2400,0
1419,F2,4,2672,2736,2738,2743,5143,64,2,5,2400,0
1534,F2,4,2907,2974,3025,3159,5322,67,51,134,2163,1
1580,F2,4,2751,2815,3016,3529,5258,64,201,513,1729,1
1613,F2,4,2834,2897,2989,2995,4411,63,92,6,1416,1
1182,F3,4,3261,3408,3411,3487,5887,147,3,76,2400,0
1424,F3,4,3180,3243,3286,3531,5931,63,43,245,2400,0
2106,F3,4,3429,3521,3712,3764,6164,92,191,52,2400,0
2486,F3,4,3092,3156,3216,3610,6010,64,60,394,2400,0
1340,F4,4,3014,3547,4078,4106,5078,533,531,28,972,1
1417,F4,4,2848,2914,2917,3172,3849,66,3,255,677,1
1467,F4,4,2932,2995,3001,3942,6342,63,6,941,2400,0
1421,G1,4,4639,4701,4827,4858,5366,62,126,31,508,1
1674,G1,4,4552,4616,4664,4677,7077,64,48,13,2400,0
2009,G1,4,4717,4781,5030,5050,7035,64,249,20,1985,1
1258,G2,4,4879,4942,6065,6166,8566,63,1123,101,2400,0
1328,G2,4,4953,5032,5045,5147,7063,79,13,102,1916,1
1408,G2,4,4799,4863,4890,5144,7544,64,27,254,2400,0
1360,G3,4,5337,5400,5421,5847,7407,63,21,426,1560,1
1795,G3,4,5416,5480,5488,5537,7937,64,8,49,2400,0
2081,G3,4,5501,5577,NA,NA,NA,76,0,NA,NA,NA
1223,G4,4,5172,5241,5318,5374,7774,69,77,56,2400,0
1334,G4,4,5004,5068,5094,5120,7520,64,26,26,2400,0
1619,G4,4,5257,5320,5857,5870,7427,63,537,13,1557,1
2242,G4,4,5084,5149,6243,6657,6797,65,1094,414,140,1
1255,A1,5,287,353,384,735,3135,66,31,351,2400,0
1382,A1,5,139,202,215,217,2617,63,13,2,2400,0
1410,A1,5,63,125,305,536,2936,62,180,231,2400,0
2073,A1,5,213,276,378,482,2882,63,102,104,2400,0
1373,A2,5,533,599,641,2471,4044,66,42,1830,1573,1
1478,A2,5,368,443,467,469,2869,75,24,2,2400,0
2298,A2,5,452,515,767,768,3168,63,252,1,2400,0
1207,A3,5,1098,1161,1183,1282,3682,63,22,99,2400,0
1381,A3,5,944,1007,1097,1377,3777,63,90,280,2400,0
1401,A3,5,1018,1089,1096,1233,3633,71,7,137,2400,0
1283,A4,5,693,757,1239/1670,1798,4198,64,#VALUE!,#VALUE!,2400,0
1562,A4,5,784,841,850,858,3258,57,9,8,2400,0
1609,A4,5,861,926,948,966,3366,65,22,18,2400,0
1276,B1,5,1264,1328,1354,1440,3840,64,26,86,2400,0
1438,B1,5,1185,1247,1288,2236,4633,62,41,948,2397,1
1198,B2,5,1419,1517,1535,1565,3965,98,18,30,2400,0
1233,B2,5,1342,1406,1423,1425,3825,64,17,2,2400,0
1240,B2,5,1531,1595,1684,1967,4367,64,89,283,2400,0
1284,B2,5,1606,1670,1672,1751,4151,64,2,79,2400,0
1432,B3,5,2963,3029,3052,3297,5146,66,23,245,1849,1
2047,B3,5,2886,2950,3012,3180,3813,64,62,168,633,1
1205,B4,5,2207,2270,2279,2338,4604,63,9,59,2266,1
1296,B4,5,2296,2353,2428,3447,5847,57,75,1019,2400,0
1399,B4,5,2369,2436,2842,3116,5516,67,406,274,2400,0
1366,C1,5,1715,1782,1835,1847,4228,67,53,12,2381,1
1374,C1,5,1560,1623,1680,2140,3546,63,57,460,1406,1
1463,C1,5,1638,1703,1721,1755,4155,65,18,34,2400,0
1202,C2,5,1886,1950,2088,2090,4490,64,138,2,2400,0
1322,C2,5,1800,1868,1917,2305,4190,68,49,388,1885,1
2205,C2,5,1972,2035,2166,2199,4599,63,131,33,2400,0
1611,C3,5,2758,2823,2944,3061,5461,65,121,117,2400,0
1222,C4,5,2436,2500,2546,2630,5030,64,46,84,2400,0
1390,C4,5,2671,2740,2820,2867,5267,69,80,47,2400,0
1454,C4,5,2512,2576,2695,2917,5317,64,119,222,2400,0
2105,C4,5,2596,2660,2894,3260,5236,64,234,366,1976,1
1177,D1,5,185,250,343,370,1362,65,93,27,992,1
1358,D1,5,263,327,447,467,521,64,120,20,54,1
1479,D1,5,109,174,188,229,2629,65,14,41,2400,0
1303,D2,5,343,409,417,476,2876,66,8,59,2400,0
1531,D2,5,420,522,637,639,3039,102,115,2,2400,0
1371,D3,5,577,641,696,917,1720,64,55,221,803,1
1459,D3,5,494,557,767,797,3197,63,210,30,2400,0
1166,D4,5,231,296,324,330,2730,65,28,6,2400,0
1192,D4,5,328,395,440,640,3040,67,45,200,2400,0
1229,D4,5,154,216,484,488,2565,62,268,4,2077,1
1257,D4,5,408,473,480,527,2927,65,7,47,2400,0
1442,E1,5,1082,1146,1191,1463,3863,64,45,272,2400,0
1565,E1,5,1008,1072,1090,1095,1108,64,18,5,13,1
1174,E2,5,1397,1466,1592,1640,4040,69,126,48,2400,0
1185,E2,5,1321,1386,1468,1642,4042,65,82,174,2400,0
1402,E2,5,1244,1310,1326,1555,3955,66,16,229,2400,0
2255,E2,5,1163,1227,1512,1709,4109,64,285,197,2400,0
1218,E3,5,2138,2201,2279,2280,3770,63,78,1,1490,1
1443,E3,5,2061,2125,2129,2233,3621,64,4,104,1388,1
2164,E3,5,2219,2283,2400,2672,5072,64,117,272,2400,0
1172,E4,5,1787,1854,2038,2122,4522,67,184,84,2400,0
1239,E4,5,1975,2040,2059,2108,4508,65,19,49,2400,0
2346,E4,5,1873,1948,2044,2050,4450,75,96,6,2400,0
1230,F1,5,2769,2832,2877,2920,5320,63,45,43,2400,0
1487,F1,5,2842,2908,2923,2928,5250,66,15,5,2322,1
2351,F1,5,2672,2754,2806,3049,5441,82,52,243,2392,1
1419,F2,5,2923,2986,2991,3016,5232,63,5,25,2216,1
1534,F2,5,3171,3235,3297,3373,4153,64,62,76,780,1
1580,F2,5,2996,3084,3298,3322,5722,88,214,24,2400,0
1613,F2,5,3098,3159,3220,3341,5063,61,61,121,1722,1
1182,F3,5,3428,3493,3739,3762,6162,65,246,23,2400,0
1424,F3,5,3334,3339,3630,3648,4974,5,291,18,1326,1
2106,F3,5,3525,3588,3690,3797,6197,63,102,107,2400,0
2486,F3,5,3251,3316,3415,4124,6220,65,99,709,2096,1
1340,F4,5,3161,3226,3228,4248,6648,65,2,1020,2400,0
1417,F4,5,2993,3053,3080,3310,3845,60,27,230,535,1
1467,F4,5,3079,3142,3150,3352,5295,63,8,202,1943,1
1421,G1,5,4566,4648,4743,4887,6228,82,95,144,1341,1
1674,G1,5,4488,4551,4794,5157,6947,63,243,363,1790,1
2009,G1,5,4664,4729,4788,4961,6042,65,59,173,1081,1
1258,G2,5,4905,4969,5806,6703,7923,64,837,897,1220,1
1328,G2,5,4823,4892,4910,4981,7160,69,18,71,2179,1
1408,G2,5,4747,4812,5075,5475,6933,65,263,400,1458,1
1360,G3,5,5675,5737,5878,6541,7245,62,141,663,704,1
1795,G3,5,5746,5810,5818,6165,6223,64,8,347,58,1
2081,G3,5,5824,5889,5902,5936,6229,65,13,34,293,1
1223,G4,5,5510,5572,5660,5665,8065,62,88,5,2400,0
1334,G4,5,5348,5411,5428,5431,7620,63,17,3,2189,1
1619,G4,5,5590,5662,7295,7684,7754,72,1633,389,70,1
2242,G4,5,5429,5594,6529,6961,8434,165,935,432,1473,1
1255,A1,6,376,439,fast,441,2841,63,#VALUE!,#VALUE!,2400,0
1382,A1,6,226,290,303,606,3006,64,13,303,2400,0
1410,A1,6,149,212,350,1004,3404,63,138,654,2400,0
2073,A1,6,304,367,735,861,3261,63,368,126,2400,0
1373,A2,6,534,596,634,1036,3436,62,38,402,2400,0
1478,A2,6,453,517,523,527,2927,64,6,4,2400,0
2298,A2,6,608,678,687,746,3146,70,9,59,2400,0
1207,A3,6,1103,1166,1169,1294,3694,63,3,125,2400,0
1381,A3,6,936,1000,1012,1038,3438,64,12,26,2400,0
1401,A3,6,1024,1089,1178,1300,3700,65,89,122,2400,0
1283,A4,6,695,757,764,3256,4476,62,7,2492,1220,1
1562,A4,6,771,837,963,980,3380,66,126,17,2400,0
1609,A4,6,850,916,944,1717,4117,66,28,773,2400,0
1276,B1,6,1581,1646,1675,1803,4203,65,29,128,2400,0
1438,B1,6,1510,1573,1601,1804,4204,63,28,203,2400,0
1198,B2,6,1204,1268,1277,1288,3688,64,9,11,2400,0
1233,B2,6,1278,1344,1383,1409,3809,66,39,26,2400,0
1240,B2,6,1436,1497,1581,1588,3077,61,84,7,1489,1
1284,B2,6,1356,1425,1430,1607,4007,69,5,177,2400,0
1432,B3,6,2868,2912,2917,2941,4474,44,5,24,1533,1
2047,B3,6,2954,3017,3047,3047,4085,63,30,0,1038,1
1205,B4,6,2175,2239,2250,2368,4642,64,11,118,2274,1
1296,B4,6,2268,2373,2804,3132,5413,105,431,328,2281,1
1399,B4,6,2350,2416,2496,2505,4905,66,80,9,2400,0
1366,C1,6,1845,1909,1958,1993,4393,64,49,35,2400,0
1374,C1,6,1692,1757,1763,1812,3534,65,6,49,1722,1
1463,C1,6,1771,1837,1841,1937,4337,66,4,96,2400,0
1202,C2,6,2015,2081,2147,2211,4611,66,66,64,2400,0
1322,C2,6,1942,2006,2171,2213,4613,64,165,42,2400,0
2205,C2,6,2094,2159,2274,2284,4684,65,115,10,2400,0
1611,C3,6,2716,2782,2849,3023,5423,66,67,174,2400,0
1222,C4,6,2402,2463,2466,2753,5153,61,3,287,2400,0
1390,C4,6,2631,2702,2705,2864,5264,71,3,159,2400,0
1454,C4,6,2474,2537,2664,2778,5178,63,127,114,2400,0
2105,C4,6,2558,2621,2626,3095,5495,63,5,469,2400,0
1177,D1,6,1704,1769,1805,1971,3954,65,36,166,1983,1
1358,D1,6,1779,1843,1846,2254,2939,64,3,408,685,1
1479,D1,6,1627,1691,2149,2152,4552,64,458,3,2400,0
1303,D2,6,60,124,144,382,2782,64,20,238,2400,0
1531,D2,6,137,203,210,403,2803,66,7,193,2400,0
1371,D3,6,963,1026,1052,1461,2947,63,26,409,1486,1
1459,D3,6,888,952,958,1058,2701,64,6,100,1643,1
1166,D4,6,650,714,NA,NA,NA,64,0,NA,NA,NA
1192,D4,6,731,795,938,943,3143,64,143,5,2200,1
1229,D4,6,571,633,1051,1080,3446,62,418,29,2366,1
1257,D4,6,807,873,1082,1126,3526,66,209,44,2400,0
1442,E1,6,1370,1437,1493,1765,4165,67,56,272,2400,0
1565,E1,6,1290,1354,1367,2938,5338,64,13,1571,2400,0
1174,E2,6,1672,1739,1809,1849,4249,67,70,40,2400,0
1185,E2,6,1524,1587,1842,1850,4250,63,255,8,2400,0
1402,E2,6,1596,1660,1865,2201,4601,64,205,336,2400,0
2255,E2,6,1448,1511,1862,1978,4378,63,351,116,2400,0
1218,E3,6,1429,1493,1533,1563,2057,64,40,30,494,1
1443,E3,6,1345,1408,1411,1435,2533,63,3,24,1098,1
2164,E3,6,1505,1570,1650,1666,4066,65,80,16,2400,0
1172,E4,6,1099,1162,1335,1373,3773,63,173,38,2400,0
1239,E4,6,1262,1326,1332,1368,3768,64,6,36,2400,0
2346,E4,6,1178,1240,1269,1430,3830,62,29,161,2400,0
1230,F1,6,1525,1595,2221,2257,4657,70,626,36,2400,0
1487,F1,6,2207,2274,2286,2448,4848,67,12,162,2400,0
2351,F1,6,2047,2110,2236,2351,4751,63,126,115,2400,0
1419,F2,6,2292,2356,2370,2405,4805,64,14,35,2400,0
1534,F2,6,2542,2607,2656,2766,5166,65,49,110,2400,0
1580,F2,6,2373,2446,2812,2856,4552,73,366,44,1696,1
1613,F2,6,2467,2531,2637,2660,4594,64,106,23,1934,1
1182,F3,6,3720,3792,3932,4078,5152,72,140,146,1074,1
1424,F3,6,3615,3679,3714,4000,5112,64,35,286,1112,1
2106,F3,6,3812,3876,4008,4096,5580,64,132,88,1484,1
2486,F3,6,3532,3597,3645,3876,6182,65,48,231,2306,1
1340,F4,6,3431,3499,3529,3545,5945,68,30,16,2400,0
1417,F4,6,3268,3334,3372,3821,5118,66,38,449,1297,1
1467,F4,6,3352,3414,3419,3553,5245,62,5,134,1692,1
1421,G1,6,4945,5005,5052,5076,7006,60,47,24,1930,1
1674,G1,6,4867,4929,4964,5046,7446,62,35,82,2400,0
2009,G1,6,5020,5083,5209,5548,6191,63,126,339,643,1
1258,G2,6,5253,5335,6181,6637,9037,82,846,456,2400,0
1328,G2,6,5176,5242,5268,5561,7961,66,26,293,2400,0
1408,G2,6,5102,5166,5327,5469,6797,64,161,142,1328,1
1360,G3,6,5007,5071,5114,5398,6050,64,43,284,652,1
1795,G3,6,5087,5151,5154,5325,6117,64,3,171,792,1
2081,G3,6,5166,5229,5476,5823,6049,63,247,347,226,1
1223,G4,6,4845,4909,4921,5062,5361,64,12,141,299,1
1334,G4,6,4677,4742,4769,4790,7150,65,27,21,2360,1
1619,G4,6,4926,4990,5399,6108,6417,64,409,709,309,1
2242,G4,6,4756,4819,5515,6162,6715,63,696,647,553,1
1255,A1,7,381,447,455,562,2962,66,8,107,2400,0
1382,A1,7,239,303,fast,303,2703,64,#VALUE!,#VALUE!,2400,0
1410,A1,7,166,228,484,1250,3650,62,256,766,2400,0
2073,A1,7,312,374,459,735,3135,62,85,276,2400,0
1373,A2,7,536,599,610,672,3072,63,11,62,2400,0
1478,A2,7,458,523,527,576,1312,65,4,49,736,1
2298,A2,7,611,674,676,822,3222,63,2,146,2400,0
1207,A3,7,1267,1330,1335,1398,2265,63,5,63,867,1
1381,A3,7,1184,1247,1260,1399,3799,63,13,139,2400,0
1401,A3,7,1341,1408,1518,1524,3924,67,110,6,2400,0
1283,A4,7,936,1000,1156,1171,3571,64,156,15,2400,0
1562,A4,7,1012,1077,1082,1083,3483,65,5,1,2400,0
1609,A4,7,1092,1154,1155,1600,4000,62,1,445,2400,0
1276,B1,7,1767,1833,1875,1941,2581,66,42,66,640,1
1438,B1,7,1691,1755,1762,1926,3326,64,7,164,1400,1
1198,B2,7,1390,1455,1462,1471,3871,65,7,9,2400,0
1233,B2,7,1465,1528,1558,1580,3980,63,30,22,2400,0
1240,B2,7,1614,1678,1883,1908,4308,64,205,25,2400,0
1284,B2,7,1540,1603,1607,1716,4116,63,4,109,2400,0
1432,B3,7,2795,2862,2868,3018,4334,67,6,150,1316,1
2047,B3,7,2876,2944,2963,3023,3579,68,19,60,556,1
1205,B4,7,2143,2208,2217,2217,4617,65,9,0,2400,0
1296,B4,7,2227,2291,2663,3564,5954,64,372,901,2390,1
1399,B4,7,2309,2372,2427,2558,4958,63,55,131,2400,0
1366,C1,7,1816,1879,1933,1948,4348,63,54,15,2400,0
1374,C1,7,1665,1729,1907,4287,4400,64,178,2380,113,1
1463,C1,7,1741,1805,2030,2031,4431,64,225,1,2400,0
1202,C2,7,1969,2034,2090,2163,4563,65,56,73,2400,0
1322,C2,7,1892,1960,2135,2140,4540,68,175,5,2400,0
2205,C2,7,2059,2122,2191,2224,4624,63,69,33,2400,0
1611,C3,7,2553,2617,2660,2772,5172,64,43,112,2400,0
1222,C4,7,2703,2787,2970,2997,5397,84,183,27,2400,0
1390,C4,7,2805,2868,2882,3073,5358,63,14,191,2285,1
1454,C4,7,2630,2694,2811,2866,5266,64,117,55,2400,0
2105,C4,7,2885,2950,3482,3514,5901,65,532,32,2387,1
1177,D1,7,1794,1856,1859,1889,3012,62,3,30,1123,1
1358,D1,7,1870,1933,1942,2253,2470,63,9,311,217,1
1479,D1,7,1718,1780,1965,2087,4487,62,185,122,2400,0
1303,D2,7,145,210,325,349,2706,65,115,24,2357,1
1531,D2,7,218,282,464,484,2884,64,182,20,2400,0
1371,D3,7,623,676,682,897,1528,53,6,215,631,1
1459,D3,7,544,607,612,790,3076,63,5,178,2286,1
1166,D4,7,301,362,384,396,2796,61,22,12,2400,0
1192,D4,7,385,449,462,849,2631,64,13,387,1782,1
1229,D4,7,211,284,672,688,2280,73,388,16,1592,1
1257,D4,7,464,527,544,661,3061,63,17,117,2400,0
1442,E1,7,662,726,955,1036,3436,64,229,81,2400,0
1565,E1,7,587,650,1634,1880,1981,63,984,246,101,1
1174,E2,7,998,1060,1068,1247,1559,62,8,179,312,1
1185,E2,7,913,986,1268,1336,3736,73,282,68,2400,0
1402,E2,7,839,900,971,1354,3754,61,71,383,2400,0
2255,E2,7,760,825,1063,1065,3465,65,238,2,2400,0
1218,E3,7,1671,1735,1805,1816,2519,64,70,11,703,1
1443,E3,7,1604,1659,1662,1719,2481,55,3,57,762,1
2164,E3,7,1760,1823,1936,1954,4354,63,113,18,2400,0
1172,E4,7,1306,1373,1658,1713,4113,67,285,55,2400,0
1239,E4,7,1491,1563,1567,1568,3968,72,4,1,2400,0
2346,E4,7,1392,1463,1759,1771,4171,71,296,12,2400,0
1230,F1,7,2318,2382,2558,2581,4981,64,176,23,2400,0
1487,F1,7,2390,2453,2475,2504,4880,63,22,29,2376,1
2351,F1,7,2236,2299,2312,2423,4823,63,13,111,2400,0
1419,F2,7,2470,2531,2538,3050,5402,61,7,512,2352,1
1534,F2,7,2689,2752,2755,2836,5036,63,3,81,2200,1
1580,F2,7,2546,2609,2628,2641,5309,63,19,13,2668,0
1613,F2,7,2618,2682,2846,3084,4914,64,164,238,1830,1
1182,F3,7,3099,3163,5213,5491,5891,64,2050,278,400,1
1424,F3,7,3011,3077,3162,3179,4680,66,85,17,1501,1
2106,F3,7,3179,3242,3340,3375,5420,63,98,35,2045,1
2486,F3,7,2932,2995,3196,3449,5849,63,201,253,2400,0
1340,F4,7,2847,2910,2934,2954,5354,63,24,20,2400,0
1417,F4,7,2634,2698,2791,2806,5206,64,93,15,2400,0
1467,F4,7,2710,2812,2822,2826,4727,102,10,4,1901,1
1421,G1,7,4282,4347,4360,4370,5613,65,13,10,1243,1
1674,G1,7,4206,4271,4395,4438,6838,65,124,43,2400,0
2009,G1,7,4361,4424,4542,4666,5974,63,118,124,1308,1
1258,G2,7,4516,4581,5327,5344,7744,65,99,119,2119,1
1328,G2,7,4593,4656,4680,4799,6918,63,671,17,2400,0
1408,G2,7,4440,4504,4787,4878,6737,64,283,91,1859,1
1360,G3,7,5238,5300,5322,5335,7735,62,22,13,2400,0
1795,G3,7,5311,5375,5411,5423,7823,64,36,12,2400,0
2081,G3,7,5390,5454,NA,7756,6073,64,0,NA,-1683,1
1223,G4,7,5040,5137,6508,6519,8919,97,1371,11,2400,0
1334,G4,7,4875,4939,5163,5544,7154,64,224,381,1610,1
1619,G4,7,5154,5216,6062,6770,7266,62,846,708,496,1
2242,G4,7,4957,5020,5710,5757,7713,63,690,47,1956,1
1255,A1,8,616,679,687,1982,2520,63,8,1295,538,1
1382,A1,8,470,533,689,792,3192,63,156,103,2400,0
1410,A1,8,390,453,492,757,3157,63,39,265,2400,0
2073,A1,8,544,607,923,925,3325,63,316,2,2400,0
1373,A2,8,844,907,945,1089,3489,63,38,144,2400,0
1478,A2,8,694,758,765,778,3178,64,7,13,2400,0
2298,A2,8,769,832,843,853,3253,63,11,10,2400,0
1207,A3,8,510,573,579,637,2704,63,6,58,2067,1
1381,A3,8,346,411,420,480,2880,65,9,60,2400,0
1401,A3,8,431,496,629,807,3207,65,133,178,2400,0
1283,A4,8,111,175,186,1800,4200,64,11,1614,2400,0
1562,A4,8,185,248,258,289,2689,63,10,31,2400,0
1609,A4,8,260,322,339,469,2869,62,17,130,2400,0
1276,B1,8,736,800,926,1117,3517,64,126,191,2400,0
1438,B1,8,660,723,728,969,3369,63,5,241,2400,0
1198,B2,8,884,946,952,958,1061,62,6,6,103,1
1233,B2,8,810,877,1071,1141,3540,67,194,70,2399,1
1240,B2,8,957,1020,1213,1250,3650,63,193,37,2400,0
1284,B2,8,1028,1094,1100,1226,3264,66,6,126,2038,1
1432,B3,8,3031,3095,3123,3135,4245,64,28,12,1110,1
2047,B3,8,3101,3165,3182,3297,5125,64,17,115,1828,1
1205,B4,8,2791,2854,2871,2878,3679,63,17,7,801,1
1296,B4,8,2867,2930,3139,3663,5838,63,209,524,2175,1
1399,B4,8,2947,3010,3027,3114,4657,63,17,87,1543,1
1366,C1,8,2231,2296,2335,2338,3953,65,39,3,1615,1
1374,C1,8,2086,2149,2180,2187,2493,63,31,7,306,1
1463,C1,8,2161,2224,2244,2261,4661,63,20,17,2400,0
1202,C2,8,2382,2445,2571,2573,4851,63,126,2,2278,1
1322,C2,8,2307,2370,2394,2395,4795,63,24,1,2400,0
2205,C2,8,2466,2529,2648,2653,5053,63,119,5,2400,0
1611,C3,8,1416,1479,1560,1630,1676,63,81,70,46,1
1222,C4,8,1109,1171,1191,1360,3760,62,20,169,2400,0
1390,C4,8,1342,1406,1417,1574,3974,64,11,157,2400,0
1454,C4,8,1180,1245,1372,1397,3797,65,127,25,2400,0
2105,C4,8,1260,1322,1659,1915,1857,62,337,256,-58,1
1177,D1,8,1424,1489,1507,1515,3069,65,18,8,1554,1
1358,D1,8,1498,1560,1595,2141,2262,62,35,546,121,1
1479,D1,8,1349,1412,1419,1448,2848,63,7,29,1400,1
1303,D2,8,NA,NA,NA,NA,NA,NA,NA,NA,NA,NA
1531,D2,8,NA,NA,NA,NA,NA,NA,NA,NA,NA,NA
1371,D3,8,706,770,801,1015,1766,64,31,214,751,1
1459,D3,8,623,685,794,805,3205,62,109,11,2400,0
1166,D4,8,372,434,446,474,2874,62,12,28,2400,0
1192,D4,8,449,520,546,548,1787,71,26,2,1239,1
1229,D4,8,300,363,496,497,1703,63,133,1,1206,1
1257,D4,8,532,597,872,923,3323,65,275,51,2400,0
1442,E1,8,923,986,1262,1336,3736,63,276,74,2400,0
1565,E1,8,847,910,936,2298,3903,63,26,1362,1605,1
1174,E2,8,1222,1288,1322,1606,4006,66,34,284,2400,0
1185,E2,8,1147,1203,1524,1530,3930,56,321,6,2400,0
1402,E2,8,1074,1139,1153,1173,3573,65,14,20,2400,0
2255,E2,8,998,1060,1370,1382,3782,62,310,12,2400,0
1218,E3,8,2145,2213,2234,2474,3193,68,21,240,719,1
1443,E3,8,2063,2125,2179,2289,2656,62,54,110,367,1
2164,E3,8,2231,2298,2359,2439,4839,67,61,80,2400,0
1172,E4,8,1824,1892,2301,2312,4704,68,409,11,2392,1
1239,E4,8,1979,2043,2051,2088,4480,64,8,37,2392,1
2346,E4,8,1904,1968,1992,2272,4254,64,24,280,1982,1
1230,F1,8,2682,2746,2788,2796,4342,64,42,8,1546,1
1487,F1,8,2754,2819,2842,3007,4860,65,23,165,1853,1
2351,F1,8,2605,2671,2684,2760,5104,66,13,76,2344,1
1419,F2,8,2831,2893,2905,2987,5387,62,12,82,2400,0
1534,F2,8,3054,3116,3172,3201,5601,62,56,29,2400,0
1580,F2,8,2904,2968,3005,3178,5578,64,37,173,2400,0
1613,F2,8,2978,3042,3112,3322,5447,64,70,210,2125,1
1182,F3,8,3206,3271,3347,3469,5869,65,76,122,2400,0
1424,F3,8,3119,3181,3341,3350,4671,62,160,9,1321,1
2106,F3,8,3287,3350,3386,3471,5351,63,36,85,1880,1
2486,F3,8,3044,3106,3173,3782,6182,62,67,609,2400,0
1340,F4,8,2958,3021,3041,3043,5443,63,20,2,2400,0
1417,F4,8,2814,2878,2982,3213,4183,64,104,231,970,1
1467,F4,8,2888,2951,3093,3161,4080,63,142,68,919,1
1421,G1,8,4475,4538,4613,4780,5906,63,75,167,1126,1
1674,G1,8,4401,4465,4681,4720,7120,64,216,39,2400,0
2009,G1,8,4553,4616,4645,5052,5920,63,29,407,868,1
1258,G2,8,4786,4850,5359,5700,8100,64,509,341,2400,0
1328,G2,8,4703,4766,4799,5259,7659,63,33,460,2400,0
1408,G2,8,4628,4962,4794,5079,5715,334,-168,285,636,1
1360,G3,8,3431,3500,3515,3849,4821,69,15,334,972,1
1795,G3,8,3484,3586,3793,3811,6211,102,207,18,2400,0
2081,G3,8,3598,3662,3936,4384,4757,64,274,448,373,1
1223,G4,8,NA,NA,NA,NA,NA,NA,NA,NA,NA,NA
1334,G4,8,NA,NA,NA,NA,NA,NA,NA,NA,NA,NA
1619,G4,8,NA,NA,NA,NA,NA,NA,NA,NA,NA,NA
2242,G4,8,NA,NA,NA,NA,NA,NA,NA,NA,NA,NA